-0.499765564631 0.492887659766
-0.459677238504 -0.484963809892
-0.434841494266 0.496610639681
-0.403336869859 -0.482446413613
-0.351562668497 0.495635699796
-0.327316361143 -0.484865973199
-0.29174215962 -0.487962940785
-0.244777491711 0.491515747851
-0.240123759096 -0.490225534775
-0.205738467634 -0.488749950821
-0.162391269691 -0.489685219593
-0.119766417678 -0.48677714482
-0.109955466152 -0.46242392824
-0.0747584977478 -0.489726615324
-0.034698183312 0.495549949047
-0.00112386649022 -0.488289906447
0.0356825952863 -0.485628030415
0.0802659239049 0.495219441083
0.108698718249 -0.498765843746
0.139690727364 -0.498733964358
0.17070301682 -0.493632659524
0.207108408633 -0.493234383641
0.2377432657 -0.478517726544
0.273782554638 -0.495395647173
0.299275981565 -0.485889656962
0.341692905045 -0.470338909833
0.361937898515 -0.499395978746
0.418320512181 -0.477713135395
0.464495258337 -0.483877526763
0.45773659661 -0.496380968567
-0.47031668576 -0.464012579405
-0.444313300309 -0.454341830374
-0.42911782547 -0.476699410491
-0.388941606745 -0.453187256867
-0.364742834965 -0.456948676038
-0.323280568683 -0.473343387484
-0.271652279053 -0.455052749627
-0.250137636724 -0.453347034933
-0.213003850727 -0.464675703318
-0.183444017419 -0.473199803325
-0.149854165165 -0.468703035152
-0.103039920046 -0.473284167804
-0.0676050550768 -0.444860852915
-0.0570018740322 -0.470477315867
-0.0182054491955 -0.468174972213
0.0149986613782 -0.451127973296
0.0566880472231 -0.467966005099
0.0952100351689 -0.472614583106
0.132268678722 -0.445672182399
0.177642538948 -0.465995878689
0.2081449444 -0.469782109601
0.232825120907 -0.449536372673
0.261768260575 -0.46605430245
0.28804065378 -0.450241095905
0.319500145383 -0.456209784972
0.361607875186 -0.471268049385
0.382417946474 -0.448718816997
0.404749649214 -0.484174743651
0.448452914939 -0.455884420465
0.485666223234 -0.458102694397
0.498667837273 -0.441328019328
-0.443309266261 -0.430184414283
-0.433745329355 -0.410265300959
-0.384587034986 -0.43028156842
-0.343173967442 -0.432090425707
-0.320499588214 -0.433135498479
-0.293951909149 -0.440278611358
-0.255157184063 -0.439223618179
-0.220761755908 -0.418245244575
-0.197355910587 -0.430536977097
-0.163402282801 -0.438760077118
-0.129266589213 -0.432415998597
-0.0867602976464 -0.43048902179
-0.0423239705918 -0.432513400574
-0.0138387273352 -0.423051766185
0.0139750723164 -0.417853402914
0.0505748261959 -0.44117085383
0.0737237760451 -0.435375609814
0.107369620278 -0.427434892087
0.132074067893 -0.456655893471
0.176122847003 -0.436536258178
0.205058576888 -0.425720333475
0.233815258395 -0.413184587379
0.279303032731 -0.420013857006
0.3166453463 -0.42250415563
0.342340225711 -0.40992995287
0.380583698781 -0.42984298145
0.432355223847 -0.432901602078
0.423996772466 -0.44032601761
0.472738811697 -0.411861542393
-0.476718040529 -0.415975209929
-0.444973907377 -0.404211603687
-0.411275319619 -0.412966706689
-0.375762873376 -0.398142244549
-0.335704937009 -0.402117054007
-0.3019251705 -0.404295964885
-0.268426325471 -0.396047811289
-0.250529718667 -0.411365428711
-0.210173798058 -0.377931389066
-0.177535232793 -0.412103999018
-0.132718281959 -0.407513466892
-0.0872413887154 -0.394018978708
-0.0642658791885 -0.407032424037
-0.0286775429991 -0.414495288325
-0.00488486812042 -0.387272141559
0.0424342011047 -0.408374037287
0.0741657414721 -0.407036782092
0.10421908842 -0.395007761607
0.132798313395 -0.402242925434
0.15646296175 -0.421098794749
0.191960250516 -0.399176732622
0.223859711896 -0.383601465943
0.254494175023 -0.423907832396
0.306981049959 -0.395312055619
0.302995824413 -0.390860275534
0.358851769111 -0.402536340945
0.390423703338 -0.390120600599
0.416483089926 -0.413662958814
0.463205029784 -0.388285014562
-0.494720850895 -0.405093270542
-0.49475692181 -0.368748206313
-0.456764909926 -0.371482296996
-0.42339820208 -0.366783631604
-0.392080295057 -0.371729493802
-0.360757539614 -0.36878245904
-0.311678998643 -0.371721458571
-0.281741787087 -0.367083966661
-0.246999953876 -0.377790096106
-0.209508784149 -0.351468726088
-0.187775438344 -0.389575223948
-0.170704747316 -0.37671313856
-0.126974747124 -0.385932292855
-0.0874762125839 -0.363526218327
-0.0663766666103 -0.366096111326
-0.0304344320658 -0.363792640978
0.0178428344407 -0.378288402085
0.0533507853109 -0.372282953185
0.0819263095376 -0.364851868479
0.110450663084 -0.36936424634
0.156618434816 -0.389925505691
0.167875526411 -0.36814068569
0.227331895757 -0.362427571009
0.260114791959 -0.379791763676
0.268899770444 -0.36583439803
0.316873359434 -0.362124511555
0.342850940799 -0.350065948175
0.381079478171 -0.375433584273
0.422511240261 -0.371941963303
0.435459553577 -0.386461190776
0.490921916485 -0.376214724702
-0.474762232738 -0.35805873056
-0.442975477448 -0.349317854838
-0.402690564728 -0.343972345345
-0.369739819463 -0.353366820707
-0.335523695384 -0.365035409518
-0.310339065904 -0.346638455157
-0.260902176616 -0.357362603813
-0.243199782466 -0.34409894578
-0.204092441125 -0.332798538098
-0.160404350372 -0.356437840888
-0.136992670416 -0.352086974837
-0.1153290448 -0.36452106032
-0.0799237756003 -0.334450111702
-0.032751983296 -0.351815426347
0.00140151640602 -0.349941147296
0.0254189200969 -0.358188838722
0.0461054715611 -0.348025422741
0.0756528542515 -0.336331909291
0.135992455998 -0.360001656941
0.157977038865 -0.347852740317
0.18248399056 -0.344312802697
0.20209865636 -0.36513425152
0.263275298519 -0.34109143127
0.289847187769 -0.343034698715
0.346898933468 -0.363599151971
0.380858509384 -0.338813330283
0.397444098255 -0.334991756905
0.425811713961 -0.355167429996
0.455375497912 -0.346571385096
-0.487456406515 -0.341665793604
-0.482952849845 -0.315606792607
-0.444204741013 -0.325698432907
-0.427705982394 -0.308313232118
-0.392306996588 -0.332724352874
-0.341117247103 -0.318805352018
-0.309060591206 -0.317851860493
-0.277710992954 -0.3142281203
-0.278720786447 -0.320078822436
-0.218036180711 -0.294629263965
-0.18829825192 -0.330577049591
-0.159230252927 -0.319425557263
-0.117298907035 -0.337349892091
-0.0804851229265 -0.319428280666
-0.0528673057576 -0.340299318703
-0.0285355674775 -0.304036785598
0.0142712200283 -0.321235592623
0.0520979306237 -0.311163280159
0.0923883999132 -0.338454039036
0.10673138524 -0.314879357189
0.13680957405 -0.324406377475
0.185926906593 -0.319529199133
0.224734786153 -0.324016273174
0.240494477019 -0.334902579271
0.293569737549 -0.308239750976
0.315944128431 -0.332459757398
0.327838112 -0.310500132056
0.369420599294 -0.312733155775
0.428884830148 -0.336654144304
0.437634312294 -0.302109787458
0.480442253766 -0.324396319148
-0.467770671159 -0.292263570117
-0.432670935672 -0.287099232847
-0.39647028608 -0.273260056725
-0.38090798003 -0.304839164312
-0.34802495625 -0.310152438636
-0.306042376335 -0.267161323675
-0.248723696456 -0.319503437194
-0.251686358524 -0.283406638247
-0.201934432302 -0.288679171255
-0.168105801732 -0.28350710838
-0.131314347818 -0.303237725705
-0.10276871436 -0.294587861668
-0.0812558373341 -0.284572040527
-0.0425524153562 -0.293348465777
-0.000432095050119 -0.301743401369
0.0256421425529 -0.285418544742
0.0710803852955 -0.295014935733
0.0907268391455 -0.278199817831
0.145934075227 -0.304559893123
0.185364524262 -0.301260135463
0.183485396427 -0.27938866547
0.225627891556 -0.292575574704
0.25787758583 -0.295338930301
0.271298591113 -0.28273901984
0.32227947306 -0.27401729464
0.355788966625 -0.297925658031
0.404762526756 -0.295878528539
0.423253332747 -0.264329160553
0.457358400451 -0.317018913593
0.492438253318 -0.293753146687
-0.496640098779 -0.251938190929
-0.471792190446 -0.259709489034
-0.429329131742 -0.255605554271
-0.381470333925 -0.23293671863
-0.377285995142 -0.276731082795
-0.329893999294 -0.273158254608
-0.279087981111 -0.269798644877
-0.260471037233 -0.253819663444
-0.208477716672 -0.254259467676
-0.188339969295 -0.243835751025
-0.147248466837 -0.278716913453
-0.131875191603 -0.257631672691
-0.0939519760916 -0.255563890944
-0.0472748308202 -0.259365904876
0.00341051996925 -0.244847695775
-0.0064811221416 -0.24754373596
0.0643918650933 -0.257892100321
0.0972097291399 -0.244119182059
0.114243803513 -0.273770341391
0.148680887278 -0.269659194987
0.177043086032 -0.250902646252
0.210733306535 -0.252900035467
0.233933069218 -0.265664768292
0.273688593223 -0.251176975468
0.305402485137 -0.268488755506
0.348556367568 -0.260708735457
0.382507030569 -0.266526486203
0.42462045823 -0.26767753699
0.455380275053 -0.263678239723
0.484547195315 -0.267115813673
-0.469592840625 -0.226226235516
-0.453637150887 -0.251256954402
-0.415933255103 -0.24148632654
-0.360905120029 -0.240880399132
-0.315362225836 -0.235467668306
-0.327072058224 -0.239737200062
-0.276928305155 -0.230192823845
-0.240537218891 -0.234279283135
-0.223261296054 -0.240503373948
-0.16463195854 -0.234066822312
-0.133419523874 -0.231811737647
-0.0966938215806 -0.215466379056
-0.0763646403698 -0.241076994644
-0.0613167968237 -0.239944387056
-0.00714400659917 -0.268343377595
0.0331203483651 -0.235979299398
0.0520671978523 -0.244730296425
0.0997182911462 -0.207298599772
0.134464244342 -0.249308221974
0.157340290448 -0.230641354296
0.197820888475 -0.221506213661
0.227816376252 -0.225438077951
0.262887399558 -0.239659246856
0.293611103461 -0.216115090054
0.327379811989 -0.240441748078
0.365994829435 -0.234898614959
0.396834084649 -0.231869859472
0.419584349895 -0.226869478909
0.461200039026 -0.234660713591
0.492343349535 -0.215337471556
-0.496355168895 -0.190811192864
-0.453259616533 -0.199464136918
-0.438958739566 -0.199305993999
-0.397313318902 -0.212323136657
-0.354040943947 -0.196706517006
-0.32646959727 -0.193578618994
-0.300247578445 -0.187118359365
-0.251216806305 -0.201289110147
-0.198886050509 -0.203352606055
-0.210336301563 -0.19274912171
-0.151889309716 -0.171220344828
-0.117946145866 -0.192319824109
-0.0750398848976 -0.184781220287
-0.0495258214538 -0.202061925855
-0.0179605952622 -0.20411305878
0.0130938550085 -0.208228787707
0.0500969482358 -0.189944273331
0.0817475337261 -0.213081466803
0.127324367328 -0.20928144818
0.140923448958 -0.186277189542
0.173317576866 -0.200836474713
0.215410010398 -0.176697899899
0.250772322789 -0.197696146395
0.294575734257 -0.1895447758
0.31718404745 -0.215828080312
0.33912236963 -0.197071970744
0.374428999262 -0.189976292739
0.418143076717 -0.19061739187
0.42376032962 -0.20771789768
0.470647113988 -0.192090375849
-0.473254502482 -0.170344204465
-0.437111669903 -0.164681004199
-0.415280521524 -0.179812405579
-0.387186531963 -0.173098140327
-0.347164358658 -0.173078410289
-0.281624807998 -0.189072367343
-0.268641108213 -0.166894168127
-0.244083224976 -0.170360118364
-0.194855511839 -0.154987213526
-0.167121062706 -0.17979196702
-0.144857719181 -0.194172635011
-0.0991796660139 -0.17612962329
-0.0630110661255 -0.148488209797
-0.0399943928761 -0.151957487416
-0.00281671777309 -0.179604556574
0.0329718790926 -0.14358722024
0.0694119748285 -0.178163057358
0.100729904033 -0.166074810794
0.121708248122 -0.164663381874
0.16470397947 -0.167662028703
0.190033546925 -0.180981428571
0.226889993138 -0.154780126784
0.246000671075 -0.187225424434
0.275740650539 -0.170405437626
0.31229070345 -0.16096022009
0.347138184699 -0.167504674136
0.382484651316 -0.173284886699
0.437342033936 -0.154850495973
0.439584979497 -0.172958714678
0.480174211405 -0.163705887752
-0.475739429622 -0.156095915293
-0.443441279083 -0.141345762522
-0.410419764168 -0.143660889524
-0.380262792014 -0.158533535888
-0.344299406808 -0.146078967108
-0.310566391917 -0.147785676437
-0.297716181957 -0.148342941176
-0.264982738082 -0.142939601013
-0.234498701441 -0.143506622106
-0.195053547911 -0.164160561583
-0.15001298994 -0.129327506298
-0.11661986003 -0.145672735053
-0.0882508042008 -0.146418890869
-0.0474958754607 -0.165490417124
-0.0155031182703 -0.147919811451
0.0180657662561 -0.168676831597
0.0331488376 -0.151444666944
0.0722120298659 -0.150974429275
0.0927550165453 -0.132676074824
0.148221027563 -0.146392672566
0.180214062348 -0.132160845575
0.198433733302 -0.147523564278
0.258946143737 -0.153286321313
0.280639978522 -0.135841530122
0.322234736768 -0.135533692245
0.336676651966 -0.155798020937
0.375765938915 -0.143420075408
0.415340126647 -0.162596424543
0.418658345743 -0.137031318001
0.480945706635 -0.14318089515
-0.484325140451 -0.140042332548
-0.451840437153 -0.1046426235
-0.406819112988 -0.117715305287
-0.379673925509 -0.126822950324
-0.342303890237 -0.114251159574
-0.316638244128 -0.102988215003
-0.268912505639 -0.120656806169
-0.239943877984 -0.0964021570413
-0.217657718953 -0.12092715456
-0.19749645644 -0.125337144345
-0.150211620811 -0.138266138444
-0.101791067986 -0.119227492638
-0.0790207590846 -0.107937110199
-0.0525968493603 -0.103725786171
0.00183569604224 -0.130289796568
0.0155141367071 -0.103542065337
0.0556813502832 -0.113403077314
0.0883108210694 -0.11182001964
0.138485913509 -0.128919231728
0.169215146956 -0.1129550863
0.213436260063 -0.110694282001
0.250228744632 -0.127516057764
0.257771114049 -0.101944477651
0.304706988022 -0.114264211338
0.329566402191 -0.0912647780635
0.36234561812 -0.111857124821
0.400397094226 -0.115691892012
0.424796748886 -0.11613910112
0.458962090812 -0.121675616251
-0.493467994157 -0.0963337025279
-0.496803734434 -0.104602614158
-0.455867994267 -0.083283816579
-0.44450372926 -0.101377141106
-0.37620506181 -0.0580757419231
-0.36974396262 -0.0929640187667
-0.328155732564 -0.0831270194898
-0.287629392332 -0.0941862661353
-0.276202445436 -0.0874611332562
-0.214612381867 -0.0839575032452
-0.182976987168 -0.090458562104
-0.149493569387 -0.0796066811874
-0.130898554412 -0.105613103438
-0.102788397029 -0.0766815373798
-0.051676810425 -0.0790987007975
-0.0236175161393 -0.110132931044
-0.000122612210292 -0.0750193924734
0.017101427371 -0.077352587232
0.0731934424297 -0.0871743105719
0.110880828153 -0.0977740629126
0.13296184533 -0.0856367522381
0.15630124966 -0.086963254854
0.208894791545 -0.0949005150689
0.238401015758 -0.0892877270356
0.281578747772 -0.0768463241087
0.308284215862 -0.101698247564
0.357372085407 -0.0660174650486
0.374670872636 -0.0996435902737
0.420882277448 -0.0755423149859
0.441236700587 -0.0903833997495
0.478331896399 -0.0865184566792
-0.474734167331 -0.0536988437071
-0.431485084009 -0.0552296829261
-0.424487332341 -0.0692934831957
-0.393043253011 -0.084071577197
-0.350268612888 -0.05785996263
-0.30487000241 -0.0548903708583
-0.271932601036 -0.0550796531304
-0.235270678341 -0.0599936313446
-0.218943713921 -0.0540176602943
-0.185682051759 -0.0564745205362
-0.141229322365 -0.0713915765115
-0.103626670124 -0.0455598342531
-0.0814619706474 -0.0621358021737
-0.0371936286535 -0.0564982228862
-0.00698682424675 -0.0441365498142
0.0248092912554 -0.0566529608654
0.0651546446458 -0.066204262121
0.0946026666705 -0.059724743397
0.117007069098 -0.0464737354859
0.16963353743 -0.0790861262639
0.189393751579 -0.037036153508
0.215417180284 -0.0583675452321
0.248401282907 -0.0494015179054
0.286048298374 -0.056576554445
0.320863099449 -0.0627697642222
0.369625594076 -0.0570111971057
0.400855276185 -0.0442349299817
0.411512348176 -0.0645157949328
0.447798500366 -0.0472818287376
0.486886979161 -0.0512885143167
-0.481143805538 -0.029341802721
-0.459871950303 -0.0276659955725
-0.426395186544 -0.0429557641344
-0.401029841319 -0.0275988382037
-0.378519282308 -0.0211753827352
-0.333951987111 -0.0364997270746
-0.290500249917 -0.0289810187374
-0.257862509926 -0.0252036597112
-0.231728188579 -0.0362328931913
-0.179059278264 -0.0375714981622
-0.156344328904 -0.0272027698257
-0.130541427192 -0.0315647273398
-0.0691861878559 -0.00926508173132
-0.0591652215283 -0.0420691087305
-0.0273291012595 -0.0201376143618
0.0194948436071 -0.0172451076952
0.0517739581266 -0.0359264116079
0.0818528777109 0.00239068933932
0.0915950137589 -0.0353594406252
0.143261392677 -0.0427669516503
0.165087311755 -0.0417736653948
0.207126496888 -0.0358930464872
0.245033722591 -0.0379856170395
0.257554277193 -0.013298651344
0.302023523784 -0.0322645096144
0.326627665049 -0.0301098877625
0.372486052277 -0.0281931707193
0.434015566424 -0.0311943310966
0.438595171394 -0.0123160312286
0.477671207063 -0.0465150257342
-0.479973106731 0.00910199989699
-0.434661842047 -0.00182527055504
-0.40191894125 0.0140964798612
-0.376643161251 0.0139786119975
-0.341066900182 0.00192619950198
-0.318333207458 -0.0138654381847
-0.258043568574 0.0209031459622
-0.253363172732 0.00866256569903
-0.206143249706 -0.00804094171474
-0.184138886155 0.00882450552229
-0.159789722229 0.00710705079498
-0.117874277156 -0.00398829594208
-0.0845949408507 -0.0237420248093
-0.0516049628542 0.0158032029161
0.0238987123303 0.0162256758662
0.00266905490264 -0.00581329022124
0.0549579529366 -0.0147368647303
0.112499239379 -0.00337009031868
0.133957911525 0.0119946372676
0.156045493432 0.00169005943733
0.177270652475 -0.000171392746842
0.216079888501 0.00201801692634
0.260891640172 0.0134842346867
0.29581117191 -0.00460900462852
0.323723423785 -0.0117047885881
0.350675789989 0.0105014426702
0.398967117399 -0.000123550661515
0.411426930877 0.0110196129845
0.453188188463 0.00327372596811
-0.499854115899 -0.00243813837103
0.494828880761 0.0155429540175
-0.45266330009 0.0179134805914
-0.435708743186 0.028765572053
-0.399632347093 0.0462533563156
-0.353141276551 0.0203910893287
-0.306346227065 0.00951268471893
-0.291509124842 0.038137691769
-0.263188160088 0.00201835055162
-0.213147174431 0.023902591617
-0.189461715709 0.0464042752164
-0.15959729792 0.0268530110576
-0.117955959109 0.0212004946621
-0.0792516191881 0.0206624466069
-0.0761568249346 0.0361425788501
-0.0276414513906 0.0308363536534
0.000517556533689 0.0273678692537
0.0524557657523 0.0285496436431
0.0805380750788 0.0328336548444
0.103532805125 0.0188875089703
0.148676149951 0.0390996018435
0.178030271254 0.0209764928737
0.214109102471 0.0352073540073
0.240719956329 0.0167250581832
0.287810473832 0.0396532683233
0.296872917879 0.0166904854753
0.34035002347 0.0324350991241
0.374137592196 0.0139821425996
0.404930856531 0.0321105409257
0.436661676249 0.0335547533313
0.480290869063 0.0372842658336
-0.479898567403 0.0496960177323
-0.442685970729 0.0529318711377
-0.411848378584 0.0897313209599
-0.383921490277 0.048741960018
-0.335089271954 0.056779545061
-0.320421483383 0.0497155626017
-0.275592834505 0.0640544478547
-0.245515275042 0.0539000146834
-0.21124092639 0.0535358892585
-0.174768212779 0.0709250687171
-0.134032102201 0.0621133173138
-0.127283085665 0.0471113947402
-0.0739557300175 0.0815488322403
-0.0360893635958 0.0617411278247
-0.00493147253643 0.0631407727962
0.0281818136354 0.0477819342629
0.0766497941769 0.0681122370169
0.106094743605 0.055561688189
0.133146443071 0.077412814122
0.159823325678 0.0603621628586
0.232742796612 0.0534364353108
0.203432078809 0.0525732959771
0.257688408975 0.0675943249074
0.305314897794 0.0552754716953
0.328666073944 0.0536475146188
0.370107575605 0.0602910441759
0.400395454436 0.0634375363758
0.431811975156 0.0603577407079
0.466243364839 0.0567263128178
-0.492689481407 0.06716007752
-0.495376788604 0.0899911956739
-0.449420898355 0.0736070011818
-0.420174339374 0.0821827725304
-0.384489473231 0.0932567302425
-0.358960260294 0.075478506414
-0.312935364652 0.103036133344
-0.293401191845 0.0829816539594
-0.256176903243 0.0762911887991
-0.223218061388 0.0948807682094
-0.202196027858 0.0846872825964
-0.153065429214 0.0982584459829
-0.108222159543 0.0799942130463
-0.079155810834 0.0516861821875
-0.0670537728144 0.092313884203
-0.00904002926553 0.0954008034523
0.0253036947431 0.088546027602
0.0333632889587 0.0696661445342
0.0773331039338 0.0881884761122
0.114529287667 0.0860072797783
0.137863104958 0.104321949582
0.182895129944 0.069663734266
0.221818903846 0.102588748188
0.241503400977 0.0770570233974
0.29439696475 0.106211814469
0.292595778671 0.080748601561
0.327266896695 0.0943453978914
0.368862375497 0.0813770820445
0.412818033704 0.0860557791721
0.439843255792 0.0985084883977
0.469814329824 0.0841734886329
-0.467539964151 0.109210932813
-0.451894853388 0.108939654295
-0.42988659346 0.129822037511
-0.377904301254 0.115643450606
-0.329276493469 0.101291026865
-0.295053558222 0.125734139897
-0.268849447341 0.121624214574
-0.248535337335 0.10057632207
-0.190110158909 0.116696285966
-0.178601308646 0.109240454475
-0.143372041913 0.110893285085
-0.116208343506 0.108045049294
-0.0775145465406 0.117648011007
-0.0321501204965 0.109092283817
-0.00799209729866 0.112223435607
0.0321033450312 0.108335028568
0.0719837040572 0.109357475048
0.099138574139 0.12199728783
0.144269124995 0.116832077633
0.180130797756 0.0998926858373
0.198812325362 0.104112413851
0.243397656816 0.120572315675
0.264328775321 0.113345766336
0.295881773088 0.118169968383
0.345030473981 0.0991853597033
0.354803498235 0.113349155655
0.395463778145 0.108019755048
0.426933185902 0.111104575163
0.46892901559 0.12257040016
0.494006622963 0.114903845132
-0.480679867292 0.129615422459
-0.466525120257 0.168039701797
-0.410117676567 0.129428512498
-0.39245688229 0.169774501352
-0.353538701081 0.114537927493
-0.333568551789 0.139453882621
-0.276840552494 0.166054843074
-0.26096250282 0.129152104659
-0.216491594123 0.133958100715
-0.181764647206 0.166504168642
-0.145209286567 0.155695331466
-0.106076436214 0.125778220826
-0.108538919071 0.160041888382
-0.057351108031 0.146536889649
-0.0366716686242 0.131022305718
0.0202411114742 0.138980913746
0.0383118640575 0.159159596538
0.0657954206153 0.131283452273
0.105106754223 0.149949847414
0.16056244503 0.133465567028
0.168927545008 0.164117557624
0.20601580522 0.145331978301
0.245082019166 0.139269647816
0.274297372692 0.161458487094
0.319937725376 0.138879620958
0.335374252151 0.147373547876
0.38698896388 0.143358773541
0.415476629559 0.136341862828
0.432444769057 0.152631051591
0.481143661699 0.150687738175
-0.45419187793 0.160567463699
-0.457642905258 0.185305670221
-0.418923040219 0.169558655651
-0.370184437515 0.160879664671
-0.332086664013 0.177561126258
-0.320878844926 0.161539067018
-0.265487544579 0.185107489569
-0.235831728491 0.166371867856
-0.207179455679 0.181404069658
-0.189554846858 0.16802358771
-0.144266650703 0.179946285162
-0.0797933399348 0.176100264854
-0.0803533868835 0.179169728563
-0.0149964264655 0.164444351404
-0.007162983378 0.175732950964
0.0212453664797 0.170631052082
0.0582119096421 0.187674865976
0.0895961784682 0.168847655281
0.139197901224 0.17262372671
0.152686087223 0.162143659538
0.214108944818 0.186338562922
0.211381152649 0.167941046589
0.261392120545 0.171065962685
0.298980999496 0.185689498044
0.345511108772 0.183476241863
0.359939450108 0.174334835818
0.396008024555 0.174467517582
0.438139213799 0.177233811985
0.458616206232 0.181251632003
0.499987716683 0.17600128599
-0.496284410034 0.209486951813
-0.463257368064 0.215947986639
-0.429889925841 0.201235748035
-0.391229003848 0.193224769428
-0.361469112121 0.19704144016
-0.325079712106 0.202242096344
-0.299226102011 0.194281355667
-0.266311535037 0.207770335623
-0.233578062527 0.186584463554
-0.198439032032 0.208923762895
-0.150391023434 0.196950028902
-0.122632770853 0.200052599014
-0.108229659757 0.207760817858
-0.0582712087792 0.192105949153
-0.0465523727604 0.202134231481
0.00540893538255 0.205442045803
0.038540044245 0.207199755902
0.0865332388988 0.195534241911
0.112270956577 0.190366259091
0.138960379288 0.203349803493
0.178981549894 0.206554112732
0.199719727058 0.195363494643
0.244417933907 0.205836930259
0.271219938153 0.204397703031
0.31558071294 0.183293937976
0.337329176835 0.214904474724
0.375506629412 0.205554985349
0.394500438411 0.210764312347
0.417366805015 0.192755032336
0.483896514859 0.19495478426
-0.458611491093 0.238349722655
-0.428563620112 0.234604135284
-0.416064033831 0.233836662758
-0.381028692715 0.228839048572
-0.348277574576 0.234100670516
-0.303205179525 0.236226510052
-0.280109914037 0.238681900298
-0.240642124156 0.224143774602
-0.213387872734 0.234796411932
-0.18530456861 0.237071105017
-0.137459040277 0.249401216409
-0.0944826676779 0.24235142128
-0.0690354283622 0.234556864298
-0.0172960203829 0.248744310017
-0.0144595194742 0.218398581636
0.0306187011414 0.244181706
0.0712925014435 0.227551332074
0.093162723106 0.233745018367
0.126417490517 0.240130039447
0.144709685503 0.222443456666
0.179679236133 0.25142360023
0.232971117888 0.226618327498
0.261149423033 0.247062621028
0.296094464921 0.219333193146
0.320373361514 0.246576218471
0.355505335648 0.252377531245
0.416159186586 0.231422716933
0.430700744696 0.241556054955
0.4500388529 0.223383293678
0.499998104941 0.236025134955
-0.478715190286 0.263292260553
-0.473632923361 0.279617519066
-0.42501087306 0.267340494487
-0.38252874615 0.262055401483
-0.358051383502 0.259721957081
-0.31967294888 0.249602566767
-0.290284101462 0.276837156187
-0.259389096397 0.260997741153
-0.225937073834 0.254595933118
-0.181146223805 0.276507862415
-0.158262216749 0.236742946546
-0.122613341084 0.255782106347
-0.0941217188885 0.275237006431
-0.0512706724005 0.244653502124
-0.0202515353946 0.280190363175
0.0181899876363 0.241312244494
0.0360049939119 0.265062984473
0.0777408506485 0.258238714466
0.126265854398 0.268265710464
0.160701357907 0.263841128086
0.186376917466 0.239917415904
0.212951615155 0.254928320634
0.235266284633 0.261426872303
0.276000748665 0.254061881768
0.291675662093 0.272956685964
0.321663505145 0.249860119999
0.368851293377 0.255210552153
0.393091567148 0.258135062517
0.436960866987 0.263476805976
0.488459222607 0.265340273242
-0.475880766211 0.306747783266
-0.44636990602 0.275662243961
-0.4047165023 0.289911491568
-0.364667585933 0.289460472317
-0.326841457441 0.296679547632
-0.319024371315 0.280131640563
-0.270815256177 0.315473898486
-0.256622210698 0.271740426368
-0.200449125302 0.283731704911
-0.172675643518 0.273068877953
-0.142419941087 0.303495415348
-0.125352704746 0.289594635201
-0.072054164397 0.267798144263
-0.0553687896316 0.287022822425
-0.00416395111927 0.275837023658
0.0294796512552 0.2913207147
0.0739754787729 0.282865057398
0.0964358662137 0.280350174373
0.113389923151 0.296850572894
0.157750816976 0.280859827184
0.19426040103 0.29494429065
0.226737724333 0.29587105678
0.254325171703 0.29012576483
0.305238944481 0.291029214468
0.336033395517 0.295654939491
0.368823647252 0.290564453923
0.408739939294 0.303559014788
0.418757905209 0.269138222259
0.469669474419 0.291764695226
0.469692601474 0.251366467013
0.488340318142 0.309137122442
-0.453998437055 0.316037372363
-0.427066917527 0.316314394029
-0.39539704238 0.30441949442
-0.368649855507 0.339285240819
-0.347988122938 0.317403463803
-0.293714128674 0.310772015526
-0.245030042331 0.305024082987
-0.225022204136 0.302403514632
-0.205253510145 0.327475671999
-0.16272857578 0.327573089485
-0.113422962745 0.333376128461
-0.0967674471151 0.325661811901
-0.0767853829336 0.304380003601
-0.0304396812427 0.322676186991
-0.0104685287302 0.311826144629
0.0352343517065 0.313995015411
0.0717736806221 0.324175156871
0.108831183822 0.324867848297
0.143878046056 0.332894874855
0.158015430537 0.304211953049
0.214215324152 0.304018530399
0.248929128752 0.335372596248
0.279517109947 0.304801174232
0.310239745982 0.325298239645
0.343263764173 0.312912432908
0.422989859037 0.308868431145
0.390176844463 0.320602415412
0.443200239696 0.313802342804
0.477380144865 0.327580028297
-0.466336744925 0.345993591042
-0.437415408084 0.337817043061
-0.413251570164 0.346374176585
-0.383609131753 0.343825529715
-0.328619981997 0.347562841149
-0.30272429808 0.341807405529
-0.262291452145 0.335571575538
-0.236702376443 0.34688605999
-0.198031549369 0.356928382377
-0.182095061284 0.311143123916
-0.14520998217 0.36802453546
-0.124339688085 0.344613802902
-0.0614254725616 0.336298220241
-0.0571026826738 0.337369668752
0.0137947971755 0.348779891015
0.0170464205882 0.327482097494
0.0660672198434 0.333631773433
0.0792534924135 0.353553292735
0.131927742832 0.336951360802
0.182357310501 0.337517990445
0.192727002056 0.343509506734
0.220462532371 0.344607965892
0.273473472768 0.330116410698
0.301084642698 0.348131025144
0.351224438416 0.348253579545
0.369411890923 0.342400388396
0.412553739701 0.342659072288
0.430285615429 0.351564118868
0.464841109924 0.354820939642
-0.497720838661 0.342959657217
-0.495886008905 0.378425712368
-0.449898220346 0.398908009474
-0.438369822528 0.375885910564
-0.393314984966 0.384493911056
-0.364202401058 0.380458874652
-0.324647520293 0.374509929833
-0.280681456465 0.362382731103
-0.260142628056 0.384839184753
-0.225542971498 0.379123854646
-0.192477833024 0.382768043399
-0.163254488874 0.3698945705
-0.113343683178 0.392196833652
-0.0853107474142 0.36631354738
-0.0573053858996 0.389054582377
-0.0171897647349 0.353749509407
-0.00176980881416 0.384661941591
0.0425157407312 0.374445825073
0.0940927325089 0.400335067735
0.0979293481712 0.368226006748
0.148297738162 0.362547646052
0.168521141003 0.393705701466
0.193716374946 0.38168255034
0.239499405556 0.364814730696
0.286132945092 0.389773755366
0.285759579684 0.368392816089
0.334669411827 0.367161078988
0.388871133852 0.375440751514
0.4026510217 0.396127927297
0.429010230139 0.397338437461
0.468567430386 0.406273619473
-0.492443455249 0.405209207968
-0.438452595526 0.406662822597
-0.405024275517 0.406294438778
-0.353809294637 0.418551358391
-0.321070578779 0.403823473956
-0.304272986009 0.407339155205
-0.276310174369 0.392595950158
-0.251977693409 0.419459315385
-0.202626222636 0.413984471222
-0.162416074463 0.408712806507
-0.137439479125 0.407101574946
-0.0905628951053 0.410297250086
-0.0575533991628 0.394797738146
-0.0408207607568 0.419113628276
-0.00166951722036 0.393616973955
0.0298255311228 0.418290110051
0.0719772210808 0.397497943161
0.115572660576 0.420186772511
0.13388219439 0.391046612723
0.165542026602 0.416115230724
0.207910929313 0.4055543298
0.227444764612 0.392416580498
0.259332957545 0.401987408875
0.30910506192 0.410060912213
0.33960120764 0.414316974596
0.335474952262 0.400071071952
0.374571803176 0.406302822694
0.424524688778 0.406255726401
0.455677395948 0.389680394191
-0.479015277818 0.38700471877
-0.482203827241 0.433113286702
-0.454494001376 0.446863985281
-0.433224019886 0.430634572744
-0.390840864595 0.43083628236
-0.379496331978 0.428303821631
-0.327877080912 0.430088974391
-0.286192836976 0.432669834492
-0.255400391505 0.443786426589
-0.232557258805 0.421106595397
-0.197211991234 0.432328884118
-0.157968368581 0.43304503893
-0.118718482608 0.434039712183
-0.0930133148057 0.433558377137
-0.0398644062781 0.43511859143
-0.00350829463039 0.441222296353
0.00336573784607 0.421631737016
0.0432109709562 0.412620021727
0.0698502591655 0.433580158992
0.105351564849 0.427315987801
0.146918689734 0.428003637091
0.183208103619 0.430525988036
0.214327544031 0.44444119991
0.249745865744 0.42298662161
0.270567708252 0.43957388602
0.308026004118 0.422930981138
0.344230532109 0.444188414793
0.377939156034 0.432778219981
0.41013355767 0.438529423163
0.427409069486 0.438645814574
0.48079367297 0.435267270759
-0.470040978645 0.468190044236
-0.423876889428 0.455466816978
-0.406161976347 0.472240839347
-0.359840661136 0.47430542375
-0.344840918468 0.450172826293
-0.31363137461 0.463194778735
-0.28362329389 0.462009675605
-0.242801807852 0.465226573078
-0.201773562714 0.450860039846
-0.165779087735 0.481129279747
-0.149190609366 0.45407760714
-0.0932887557322 0.473899565684
-0.0721369386286 0.442843598567
-0.0452671978909 0.461734560532
0.00239424230719 0.465232022096
0.0445217552357 0.4704085101
0.0626710154518 0.448889997844
0.109590863505 0.46829688591
0.142349001482 0.454610014484
0.165437900442 0.467851468175
0.183747908551 0.468203016971
0.230965815494 0.440686072201
0.25134953277 0.475862958416
0.292074360085 0.451224576478
0.325506168479 0.478848109275
0.336306908412 0.466345169932
0.383014295846 0.468026460679
0.424231071617 0.478407853416
0.454119048039 0.456040579377
0.498809138142 0.443329915882
0.499459341397 -0.49271583922
-0.470010615336 0.499743166396
-0.443690136983 0.485044625523
-0.382752852012 0.489843446631
-0.3787598381 -0.489120384886
-0.318583671824 0.488449246313
-0.271579796009 0.497714423806
-0.274810656387 0.497935067126
-0.209868186655 0.47997444215
-0.19652014993 0.493871027975
-0.142090533984 0.487426723372
-0.11823743631 0.477438527511
-0.0841566100144 0.489409435292
-0.0477383181867 0.489501376359
-0.0172190987689 -0.492751031362
0.0145096542555 0.483889894511
0.037163261406 0.488153481779
0.06452885776 -0.495240973991
0.101107852394 0.477963397356
0.133840689543 -0.492413638386
0.184604109292 0.496002679586
0.219967074024 0.480473455812
0.245874408215 0.494203150778
0.286453001454 0.473394200582
0.305801393233 0.49948377089
0.328795106899 -0.497229555839
0.380419678447 0.486566854645
0.419707804123 0.494546686553
0.42842472126 0.477685894025
0.479259511428 0.477857782171
